-8.935855929089212779e+00,-1.409048003490588030e+01,-5.777873642657112896e+00,-6.328669901793566588e+00,-8.714726034297799018e+00,-6.026144891940740322e+00,-7.370516696716858718e+00,-8.306023198678646580e+00,-5.267245095303156432e+00,-6.935063964333911812e+00
7.686000179527491087e-03,-1.284135532680848527e-02,-9.285236207797330655e-04,-2.438132033689603163e-03,-3.697505435214297562e-03,-1.189346973893681174e-03,-6.741372881102567893e-04,-5.342795024359449363e-03,-1.481216893080975318e-03,-3.907579048371284842e-03
-7.587149717755950658e-04,-8.082694068847429136e-03,-3.696994225397809246e-03,-4.967903886003556188e-03,7.560686376659349166e-03,-1.765525958688105024e-03,-1.921141177166307520e-04,7.642887798603081352e-03,-1.297202558025022578e-03,6.280580319079664617e-03
2.109896377155058480e-03,-9.326763652610290094e-04,2.550788164399670106e-03,-5.271859595839470045e-03,3.268301352737895790e-04,-1.955696143866456765e-03,3.477042527034662506e-03,-1.578016074488669583e-03,-8.834077729224687654e-04,-1.200248088723921986e-03
-1.560224455118320013e-03,1.735852143355094690e-03,5.417269640373980136e-03,-3.502284734553588567e-03,1.335897556972894624e-03,-4.106390016648986570e-03,7.242670736622924647e-03,-2.105097609062404895e-03,-2.537257051936852182e-03,-2.824519067649101326e-03
-6.739290560262012342e-03,-2.347081518568158894e-03,2.517593845063204137e-03,8.418097835984222638e-04,1.971205365151852077e-03,-2.407743715994199642e-03,1.055212916561574935e-03,-4.932602378405321307e-03,3.940648768662677499e-03,9.116797364726051062e-04
7.444658324636364713e-04,-2.924416406035808703e-03,3.202313390265124939e-03,-4.025179166938055216e-04,-2.421243053272433780e-03,-4.118932168469250331e-03,-7.042523298770211881e-03,2.292700178864752816e-03,1.064255118717301893e-03,-1.356814286976671183e-03
-3.621444049156453352e-03,-2.326890021579187950e-03,1.415652670444892411e-03,-5.885980355043576645e-04,-9.541123699357603391e-03,-4.223506022790919461e-03,6.817711947260100174e-04,4.319407711831506000e-03,-1.595552230594960959e-03,-1.481565474028003924e-03
9.318926989475596889e-04,-6.011087881650212066e-03,1.642134613592195671e-03,6.500232989308489182e-03,-1.700231218086437979e-03,-1.346272841796049020e-03,-3.038896773711518597e-03,3.602167340685175686e-03,-4.830670098256771225e-03,-3.109854338104343571e-03
-8.868684868979462982e-04,2.057166494225138708e-03,-4.901379873947528908e-03,-6.703006067799074366e-04,9.489907114084173432e-04,-1.356970918140468479e-03,-7.587770197101232662e-04,2.353763469947219684e-04,-3.211816974346351906e-04,2.269069485094533847e-03
1.063981180968222046e-04,1.850272226495643015e-03,3.681371095395610370e-03,-1.225863644466701355e-03,-4.978930497075570276e-03,-2.014392096136587672e-03,-1.717916470354696051e-03,-1.838971516523654585e-03,3.254328975162818459e-04,2.222808705194905237e-04
-3.881990225507683800e-03,-4.691905948170618963e-03,1.163100931155975270e-03,9.999984302592735113e-04,5.529486214463072207e-04,-3.613880182876429148e-04,-2.319062584743487778e-03,-2.886182049281226826e-03,1.491196366334199492e-03,-4.749678458322765823e-04
-2.697175442115565952e-03,1.605722323596929599e-03,-2.206897478326037398e-03,8.187722558378261305e-04,2.513724604456328473e-03,-1.188193337735297559e-03,1.384187419917420761e-03,-5.524153271315009051e-03,-1.001343313560358909e-03,-3.229258974140048182e-03
-2.703648437199606715e-03,3.752726765154151475e-03,-3.668990498534240811e-03,-1.446903358238428323e-03,-2.676701627880436526e-03,7.994026014533708868e-04,5.163727319839072662e-04,1.136635985113942883e-03,5.439715966360071306e-03,-2.389148929746793670e-03
-4.819081052556148034e-03,2.227686068523677607e-03,-2.807360344696130210e-03,1.514244152185305575e-04,1.199750585189669153e-03,1.532913246361470401e-03,1.467084791029735647e-03,2.049790424802167953e-03,-2.351615543045490562e-03,1.174944369690834618e-03
1.747309802245623290e-03,2.955197704287088403e-03,-2.127475197964503063e-03,-1.637642024698379977e-03,1.123697875651008841e-03,-4.130023337965874064e-03,2.858026353669271009e-03,1.786118627894831565e-03,2.208151444858095450e-03,2.595623968952829892e-03
1.681307246079482469e-03,-3.234038259622924131e-03,3.409497360907731375e-04,-3.857644913032387025e-03,2.622392831866728578e-03,4.832788778799227553e-03,-3.468642317962233032e-06,-1.539865421977727571e-03,1.454653342791529949e-03,-5.209162889468024228e-03
2.603324713106505879e-03,-2.956473906051446370e-03,4.483103438395863016e-05,-8.757521478691151053e-04,-3.624720373295613716e-03,2.993619570491555353e-03,5.673110181962694350e-03,-3.179028755335990778e-03,3.622464979185928457e-04,-8.052572155269040275e-04
3.588958652813346948e-03,-5.569711716201635951e-03,2.339906807220202244e-03,8.384997992787748215e-04,-1.590410192828185061e-03,3.267160231593395792e-04,5.461700084091982614e-04,3.147134417621492292e-03,-1.258475920412275423e-04,1.404423835690666537e-03
-3.345893435623413601e-03,8.789952145387754535e-04,9.169668398989599132e-04,1.595745840275889589e-04,-4.017714977625506728e-04,-1.034544683374747504e-03,1.980542178982241475e-04,8.277136828842328797e-04,-2.855788125867835415e-03,-5.422073493149606564e-03
-2.867043419248824893e-04,-2.854764831678455791e-03,-2.423178878537528540e-03,-4.459316419676321967e-03,3.357616689561978163e-03,2.886205560160884451e-03,3.421596074117558284e-03,3.564020186755707136e-04,1.650687761423065081e-03,-2.651578613983087383e-03
-1.286094234839873238e-03,1.478959490013632928e-03,8.733485657857289509e-04,-6.284567962495789684e-04,-2.955341891889469181e-03,-1.504500484058067479e-03,-8.040234607835702180e-04,-1.124892609605251210e-03,-5.848707935577582718e-04,1.187010419650233678e-03
-4.812563458169179091e-04,1.957722307552636418e-03,3.098117195115684952e-03,-6.505559121233130040e-04,-2.719371758868584232e-03,4.687862747012903897e-03,-3.129441607207847538e-03,-1.626213484783799960e-03,7.907580578089263949e-04,-2.185334898837932183e-03
-3.155102819729903221e-03,4.138670151854530741e-05,2.294475003245143984e-03,2.132078634353817229e-03,-2.767355653565899739e-03,2.962428616815697066e-03,-2.497696451064651546e-03,-1.365031065708913031e-05,-3.076999138392499684e-03,-2.193652231835380682e-03
1.656936942663771823e-03,3.495569544453145782e-03,-1.060241390402368164e-03,-4.838137986551316501e-04,1.112495204018379901e-03,7.758837638195673807e-04,2.365464036754985622e-03,-1.191206096354913840e-03,-5.183568254810011358e-04,1.859643195356000056e-03
2.653437183266900163e-03,-1.956233844151164265e-03,5.364782927177818260e-05,-2.508040108822111812e-04,2.901781801956050590e-03,-9.262933767053089986e-04,-8.267314263092531267e-04,1.433834875577847789e-03,2.134975264886714521e-05,-2.061339258019773222e-03
-8.028001245262326394e-04,4.985779518734579675e-03,6.921566591876348478e-05,7.407272870534408566e-04,6.251092594266859440e-03,-5.842362898753993136e-04,2.554221787939968229e-03,5.214508028651218194e-03,-6.088277066843893279e-04,-1.792221071662542095e-03
-3.893717768384611353e-04,-7.771609194408534045e-03,1.652212502846215746e-03,-1.517130615719553411e-04,4.708465791536313276e-04,-1.490196152692687325e-03,-1.089266971159021341e-04,-1.315527441602465462e-03,2.853327362374827314e-03,-1.112207136717897242e-03
5.113054189398427620e-04,-2.754508319227165665e-03,1.004548978517911628e-04,-1.656619760393189403e-03,1.522955560942534274e-03,1.674033828886046073e-03,-1.796565512025274144e-03,9.018238102124384288e-04,-1.390829302911017126e-03,-1.014241394849748528e-03
-5.687129949650165765e-03,3.042939058122837419e-03,9.603615902029021380e-04,8.225535575044830728e-04,-2.151090312645144182e-03,-2.834971647651985684e-04,-1.391569908678897587e-03,-2.561424088380922018e-03,2.506817530161420567e-03,-5.692849254909387207e-05
2.040035760175108563e-03,1.596446038800583035e-03,-2.437405555888287785e-03,-8.918051111315543344e-04,3.302402436556089635e-04,3.271310135889383443e-03,8.621001931198358538e-04,1.433159539130562281e-03,1.938190399135432829e-03,1.537186640660737633e-03
-7.448070713469955853e-04,1.516105580318874972e-05,4.174575710834263010e-04,-7.186018821457794111e-04,4.104735748806592017e-04,2.171541722911867010e-03,7.788527030783162861e-04,-2.527846818327122904e-03,1.584014714733307820e-03,1.012115267245622830e-03
-5.365186643676097292e-06,3.463873183350115598e-03,-3.479112133481242469e-03,-4.769038757220930673e-03,3.106311985772611164e-03,1.111683691317733123e-03,-2.314449747405863977e-04,1.003775403562787508e-03,2.631275648619074443e-03,3.720004028104377612e-03
8.460808425276996562e-04,2.981345772940967136e-03,4.447180017357732886e-05,-7.710100528734688740e-05,2.886920958029894849e-03,3.087619875210683980e-04,2.603241604476233019e-03,-3.221859744370833729e-03,-2.426085320608682531e-03,1.548563350247620599e-03
1.568815587355436953e-03,2.278339081619479723e-03,-1.304514072685245517e-03,4.250073477665832281e-03,1.392015157458257289e-03,-2.640517851873231455e-03,2.115842965023190746e-04,3.640808125515795392e-03,1.203053796666095441e-03,5.286786701803958613e-03
1.958712628830618259e-03,-2.674001110228166073e-03,9.309467182781614369e-04,1.544901703967986335e-03,-4.098582169494425359e-03,1.187844655388434461e-03,-8.035770369321695427e-04,1.788428217736958998e-03,-1.712422628935331018e-03,-2.425475368576758377e-03
-1.526606866470027902e-03,-4.361307364694770941e-03,1.805782212201149798e-03,-2.184701543092147907e-03,1.993280205780222341e-03,1.738263791447281284e-03,-1.875989519059198399e-03,-1.520923081467472071e-03,1.929609916347512508e-03,-1.890367941869707880e-03
-2.622363792511161248e-03,7.314717948034680801e-04,-1.668976919363809657e-03,1.758688223793685194e-03,-4.710035676249276415e-04,1.618302907899250203e-03,-4.123791599210160355e-04,2.693684699649445159e-03,-9.801775223960962607e-04,1.649274723339789377e-03
1.307795602779601891e-03,4.492172738886021383e-04,1.540510955802607343e-03,-2.959957985875226114e-03,5.488199815510114545e-04,-2.397631538518328782e-03,1.812235083580618486e-03,-1.222977405134037738e-03,1.057377786009195634e-03,1.298048858846806604e-03
1.836628466085272679e-03,3.061639463668737200e-03,6.997980132108308233e-04,1.477360246085219521e-03,1.191143631596281978e-03,3.164987469497386897e-03,-1.756011149914914714e-03,-9.796013067340507852e-04,-2.945983752864005079e-04,1.834834191537002219e-03
1.503765270886920106e-03,1.762808130311933267e-04,4.757250683241466094e-04,-1.596998043821912542e-03,1.077682015885019157e-03,2.932521340708202969e-03,-1.190792844623205339e-03,5.122323212600589717e-05,1.701880976762407518e-03,-4.026893327029915440e-03
3.521401671167730726e-03,2.793000575145816299e-03,-7.133280211612943403e-04,-2.061136693968044793e-03,-2.424078996508418401e-03,-3.523055415694391432e-03,2.047071473800846347e-03,1.703658721242816811e-03,9.024359668226034645e-04,2.529732084090383776e-03
-1.509877133351087515e-03,2.851095716539709616e-03,-2.505756398323649714e-03,-1.011179105267371930e-03,-2.533944340165142362e-03,2.984030244091896039e-04,-2.396357072208909588e-04,-3.768026308429191099e-04,2.098352816064526661e-03,-1.341707615513181148e-03
3.109875756865928230e-03,1.710399949197908675e-03,2.359056929047602196e-04,-1.645575757449222517e-03,1.361439191953729699e-03,-6.286278205507855703e-03,2.350955809840606363e-04,-3.108601373684988884e-04,1.707603814266308922e-03,-5.114197930455650258e-04
1.268420069179745620e-03,-1.421467948422374316e-03,1.910218906872680018e-03,1.085449895682331521e-03,1.127194305658038657e-04,1.468572632085273898e-03,-1.946369340291636326e-03,2.262472887279778043e-03,9.094070253981908838e-06,-1.187080007520211963e-03
-1.564647245844948088e-03,-1.083719189752881075e-03,4.581418951349589572e-04,1.568029390789921120e-03,-3.478864117134124797e-03,1.659462028787005768e-03,-1.202033388933591417e-03,-3.002709203670217517e-03,2.204925439777855999e-03,-1.015625086150047851e-03
1.560075087850514800e-03,-4.079651025260216772e-03,-1.647785037872049599e-03,-1.256496714271430155e-03,-2.524759516477364683e-04,6.978483405584926923e-04,-1.559253280920385723e-03,-1.267122168543435151e-03,1.668942250355853751e-03,3.349967037175619923e-03
6.883595999848159943e-04,-6.267853240467372890e-04,2.548522398503560125e-04,-8.359553915324369937e-04,4.666366880286006006e-04,3.852272152376757814e-03,-6.783456998445194785e-04,-6.779197571472089421e-05,-6.638494611353839940e-04,-1.492143497889682419e-03
1.449169152329326605e-03,-2.344029614934633240e-03,1.277658653594950606e-03,-3.244119396653644127e-03,-3.186822653118995480e-04,-6.296561772032040183e-05,-2.477086537167037718e-03,-4.657914881665645851e-03,2.231796242830336868e-04,-4.653833782508638196e-03
-1.060041899694243650e-03,3.041962791108736297e-03,-3.573189614028208540e-03,7.071802032132140127e-04,-5.255637406606000674e-04,1.741586498100262037e-03,8.534907315458229848e-05,3.634034080881393559e-03,-2.204029961953153129e-03,-2.519711538780253918e-03
-1.466939208911290180e-03,-3.983659716081306736e-03,-1.783745621779654232e-03,-2.710876199511516767e-03,-2.733968479519499877e-03,6.974401482655056574e-05,7.967679339983365543e-04,-8.528570695979547289e-04,-2.999133710500055672e-03,-1.394386640101846157e-03
1.756865154792628834e-03,6.056689111341903228e-03,1.700687615081703007e-03,-1.803479734965607664e-03,5.850177662464223910e-03,4.874930958893840607e-03,-3.211748001525161834e-05,8.671911080790592778e-04,2.758742379362521223e-03,5.937475007819215111e-03
-2.472394734009336972e-03,2.211332911239336906e-03,-3.626944246397408554e-03,1.614444424504318234e-03,5.926520088931451621e-04,1.469418693225064054e-03,5.804044608254055803e-04,1.492759812521010079e-03,-3.642747052523169298e-04,1.300485695132078947e-03
1.545775692887929858e-03,1.529431795376812956e-03,-1.533217996793013278e-03,-3.412456556094786448e-03,1.867367711672881419e-03,2.588843059525998674e-03,2.736608965936243934e-03,1.260831921353879276e-03,1.324053555698446625e-03,1.922386702764824085e-03
-2.070655515229535924e-03,-3.326321907294188703e-03,-2.430349605749645807e-03,3.924803843776685820e-03,-3.342520047790996721e-03,-9.132699321720942620e-04,2.542713908678495126e-03,-2.115681135207912039e-03,-8.328492166438096434e-04,-5.244928099611562318e-03
-1.796729331008182834e-03,-2.024131116840101156e-03,-1.118129718610417307e-03,-2.170561383156282848e-03,-3.423452527228012555e-03,-1.266290706863694307e-03,-3.512694825556209131e-03,-1.211519753512452398e-03,1.915348831847403987e-03,3.387282563350941991e-03
1.535082408057488737e-03,6.057119506338326000e-04,6.552691214431147779e-04,-5.514519069820657347e-04,-4.582679263261908026e-03,-8.901983902673161076e-04,7.092664663746527185e-04,-9.584651628819895047e-04,7.986622768553256705e-04,1.076008732600543423e-03
-5.301702406043250389e-04,3.092453004548543615e-03,-3.040008937780903572e-03,-1.505840001023592495e-03,-2.052608962503432895e-03,1.119889403221994203e-03,-7.468301704757194549e-04,-3.214919897179735996e-03,2.160862214069184627e-03,-6.463353142443772079e-04
2.016073920253793044e-03,1.010920403783096590e-03,-7.232575348721925887e-04,2.155366924671933346e-03,-1.785113111786246773e-03,-4.421051253783648996e-04,-1.468094257402562455e-03,-1.340077689166399360e-03,5.199076603949703791e-04,5.080662218190208851e-04
1.089537898769431506e-03,-2.463990168684522617e-03,1.359224343130153870e-03,-7.542454009096566684e-04,7.599843049255464080e-04,3.064935021431124638e-03,-4.025680753128195455e-03,7.546830892798280215e-04,-3.399341160257127615e-04,3.884591417302092359e-03
-1.033342853476732458e-03,-6.878469993698231241e-03,2.847120389222554003e-04,-1.118337494601072402e-03,-4.319894260219380236e-03,-9.475814108282394491e-04,-2.197405357022159922e-04,-1.054309367007220206e-03,2.412594510636823300e-03,6.613750866674297053e-04
-5.296987897662417668e-04,-1.722231413359465863e-03,-1.371775233579702012e-03,1.785166885678304925e-03,-3.234854019277521101e-03,3.666363795566904196e-03,-1.911985969201809897e-03,7.746690551049647188e-04,4.633310129401857469e-04,-1.271695296011112093e-03
-1.268941095653969764e-03,3.123159325483204109e-03,-1.161474331282959845e-03,-8.304155024865988088e-04,3.332210256097822149e-03,-2.886255454268136025e-03,2.171899369841177353e-03,1.608876829121617903e-03,-6.133908051757287240e-04,-8.588078685798695468e-04
-5.350319468709267660e-04,4.185295394023982938e-04,-3.712725755496879519e-04,-1.598061708185910318e-03,-8.603091668254690943e-04,-2.064060752795279612e-03,-2.375618499419476174e-03,2.740620881134327755e-04,4.736983338400693213e-06,-9.296128067255834872e-05
3.049226258108099171e-04,5.044312602749508523e-05,-1.044368702966821634e-03,7.223921886508659568e-04,1.312732442931102434e-03,-1.063573544299396736e-03,-1.375401861222833987e-03,-1.949188056736820022e-03,1.473275451102428434e-03,-2.884155932555893843e-03
4.899807305791068629e-03,4.216789857689331317e-03,3.194707566508560954e-04,1.990124605748096447e-03,9.589960358136179587e-05,-3.083057324517440422e-03,1.456171743894299920e-03,-1.416738048559016360e-04,1.624961856056422651e-03,-2.848799229217642212e-04
-5.634411541407659783e-03,-4.375316732354721000e-04,-1.268864689330602554e-03,1.703105810107403365e-03,-6.000377488444509112e-03,-1.025868889034470483e-03,3.029384696454543759e-03,1.398288082710981428e-03,-2.964532691101914603e-03,-2.070003398911025687e-03
-3.211393180259983909e-03,-7.407362839692424768e-03,-2.075368833271556696e-04,-1.081620625219485059e-03,-4.669274953348085538e-03,2.900235968688134186e-04,-9.434560833450071800e-04,1.326465502796682957e-03,5.907738821570202329e-04,1.114656711444958611e-03
-1.564312691986082795e-03,-2.560457823587555283e-03,1.686599483351753368e-03,-1.176098286492114091e-03,-1.500263406022783047e-03,-2.338871156073408283e-03,-2.306256203741276472e-03,-3.555145300431606249e-03,-1.076491155821474380e-03,-1.412157758732948036e-03
-3.372664114104377900e-03,-3.101894466045869870e-03,-9.448782736407071144e-04,-1.863017591303636495e-03,2.720164778162344199e-03,-1.741221493088205945e-03,1.540180445033663122e-04,1.402906783002269998e-03,1.195801584053965807e-03,2.322116908401227441e-03
7.967769593212307598e-04,-1.439479315939948918e-03,2.611219735425552831e-04,-7.176322144007602237e-04,-1.585639346026244349e-03,-3.575726362137590306e-03,2.389752037785844527e-03,1.758458639530794928e-03,1.380845733734298861e-04,-6.898340489847831986e-04
-1.420011886082322202e-03,-5.360858354558075203e-03,-7.916243441698748865e-06,1.281077587468762045e-03,-2.979561523033497084e-03,-1.049369521838600626e-03,-2.106612133712131105e-03,1.263701451238424768e-03,-3.002790721909234621e-03,-1.202953065563064838e-03
-2.218508600115607059e-03,-6.810694630334237012e-03,-1.738632039082231313e-03,-4.607035246716966294e-04,-1.707919992071420040e-03,1.461596921581533916e-04,-3.315054236523629679e-03,-3.001407058612278215e-04,-3.669537114838053514e-04,-2.837657259615104094e-03
3.710963096756654620e-03,1.051629987669941077e-02,-7.874872422453453287e-04,-1.103381071057634019e-03,1.436645739796617912e-03,-3.072397814838277947e-04,2.456579127702428027e-03,-7.716321546348512165e-04,3.468002953079201800e-04,3.273861249933415090e-04
-5.403370547056179658e-04,1.381062774831455465e-03,-8.059956541581990690e-04,-6.783592750457158999e-05,-1.418625211500565506e-03,-7.371673129858586368e-04,-1.410862561410360832e-03,2.705189359837121676e-04,1.312692173079428246e-03,1.433791586363761380e-03
-1.872862517528852333e-03,-2.800606846256444449e-03,-1.594555318962651480e-04,3.225385328333799269e-03,-2.000633787492387631e-03,-3.296543307110047331e-03,-1.374315453220111482e-03,2.236360374281381232e-03,-8.196398089679798882e-04,-8.297411973860958001e-04
8.549828198772336033e-04,9.361259378178983168e-04,-4.617735021845870039e-04,-3.688169784242132184e-05,4.577780679204092535e-04,-2.300448231501305181e-03,1.562767894744806520e-03,-2.395792156146071600e-04,-1.698803299558276003e-03,3.661372834831589252e-03
-1.255671404467688596e-03,-2.613688845304825131e-03,1.842454383038517668e-03,1.365124394956855744e-03,-3.842398362563294832e-03,-7.617242417582074476e-05,8.006966544043934595e-05,-3.665389998930912614e-03,3.601277773356164106e-05,-6.480354235318277686e-03
-2.036799481635033233e-03,-6.135904311412098550e-03,6.452229256477075552e-04,-1.724790114223064084e-03,-7.545897108806383802e-04,-3.128875108043879544e-03,-2.543085565470303011e-03,2.732666559461330042e-04,2.409808953927635551e-05,-2.665953593125345265e-03
-8.349813941244080707e-04,-9.339736351867364630e-03,-3.687724345945364232e-03,-9.604818590142798554e-05,-2.018461171058463875e-03,-9.689041619327089195e-04,-8.050228093644607244e-04,7.752977348707856299e-04,-1.918048779805057980e-04,5.248827265611485460e-04
-1.330592614994205209e-05,-2.464946569269403729e-03,-1.457370593073748248e-04,-3.733853022313436774e-03,3.471712827956658048e-04,-5.172630975690341347e-04,-1.254897786667235086e-03,1.677596586087024997e-03,-3.664064290550072905e-05,7.323312234928256110e-04
1.482692976076610243e-03,5.153334745867516921e-03,6.823215720711114582e-04,-7.830957487927481123e-04,-3.849779990455286585e-03,-4.978038139987326152e-03,2.565217356842732291e-03,-1.345600687989783164e-03,-8.790634802223455278e-04,-4.055773440346674636e-04
-2.126887100852764610e-05,5.776804094060068837e-05,1.021731606007526393e-03,6.802505692601344472e-04,-3.567666961025845428e-03,-2.257083651466975857e-03,-2.179789223851769271e-03,8.776116202610844753e-05,9.076491308028099454e-04,-1.124006567299575682e-03
-1.676382777486159787e-03,-1.670780572828890840e-03,2.761014988433551590e-03,2.148192387457001102e-03,-2.162619648249784320e-03,2.972123610846547082e-03,-3.716593889244884132e-03,5.876180761075532538e-05,5.970645523631685792e-05,-1.797245431114029724e-03
9.470018353478373927e-04,2.899082608312188256e-03,6.900914360345184861e-04,8.902885369638502671e-04,-4.108875115478313224e-03,-1.827862872693492968e-03,-5.623398533216714861e-04,-3.396071825476707894e-03,-2.413063569423131924e-03,-2.724322903082429526e-03
1.817828812677555958e-03,2.790251448336052414e-03,2.715140288138558587e-03,-1.220710842810448019e-03,1.607466820106164722e-03,-3.747273219162092846e-04,6.111351449030856878e-04,-7.017574734419706421e-04,1.565406850704736345e-03,-1.499009773874124436e-03
1.037078939183568461e-03,-1.599879357780252163e-04,5.320058243376426339e-04,-1.770852673622525224e-03,-2.449612779794082488e-03,-4.514056048990037085e-04,-2.456875843892677817e-03,-2.678846935459851426e-03,2.195253402087517236e-03,-3.523260826468221940e-04
-2.178953987637643509e-03,-1.682686037097019761e-03,-4.183975073149118532e-04,-7.655068736069001439e-04,-1.517616046342883584e-03,1.363695996838269970e-03,-8.724448851272464511e-04,2.135551123055264618e-03,-1.646411240782271260e-03,-2.912297127489445105e-03
-2.734698500315619046e-03,-6.247723138195118275e-04,-8.803511855373860476e-04,2.690706080564351154e-04,-8.480673621417698970e-04,-1.108896201048897205e-03,4.663501685244658993e-04,-1.729427192388807862e-04,6.532843427555907979e-04,-8.515211290321098069e-04
5.015818808300345289e-05,3.824460633030018607e-03,2.542268216998243031e-03,2.042855007338164903e-03,1.356924551436034659e-03,3.137079273023125892e-03,3.245666210971078196e-03,7.467765621376922913e-04,-1.252785117659393479e-03,4.334754377276671617e-04
-1.150836040595797907e-03,-1.373156521900289421e-03,-3.075357380036968392e-04,-2.755435083412884761e-03,1.390624866258206253e-03,-2.249025823153181017e-03,-1.681067283559201575e-03,-2.360712680507617758e-03,2.538729044085495223e-03,-1.601204151526119078e-03
-5.662914518932611087e-03,-6.486224172231311313e-03,-5.597100851234838295e-04,-9.151816242395587444e-04,-3.382255758603963311e-03,-5.222951439140132877e-04,-8.963845185859318620e-04,2.536181873260714374e-03,-1.648645454195407862e-03,-9.027144912403259141e-05
-2.159451471550010956e-04,-3.899236477331149801e-03,1.444501198390004239e-03,2.001077936187273948e-03,-2.125641647650709700e-03,-1.061288443986643749e-03,1.400981002239244308e-03,-3.313008432434038980e-04,-9.056154538519844456e-04,6.830538888665136851e-04
-2.513564881513584166e-03,3.761891572022421897e-03,2.479120290645977142e-04,-1.376860102109240050e-03,-6.285034328339188627e-04,1.827176579015480111e-03,-1.130734043835274162e-04,-1.443746912407591195e-03,-3.757011271997906174e-04,-2.427237717716939323e-03
9.720499711386969147e-04,2.401395719207459391e-03,-4.668609581150085300e-03,-1.035729413099408186e-03,1.664346803294351534e-03,-1.189682715471361042e-03,-5.533764399527417677e-05,3.475942045045714648e-03,4.126567728673152997e-04,-1.252427953398087875e-04
-3.002948699040802315e-03,-5.036935106663450838e-03,-2.808321649825073867e-03,-3.306684324265131620e-04,-1.330334800270699174e-03,1.351476596324054265e-03,-2.311296729502675617e-04,1.625433169603180913e-04,-1.290717119926318261e-03,-8.707650992629562686e-04
-1.334999786597819340e-04,-3.825542849667731165e-04,9.773120530139089469e-04,4.471012094510602372e-03,6.690752518446944994e-04,-1.288188432574114339e-03,1.101584988719266469e-03,1.731138951142252753e-03,5.172867527714080814e-05,2.670424192352415915e-03
-2.027640365576734074e-03,-1.138575528439757624e-03,-1.370449699609304663e-03,-3.475985628390761964e-04,-1.708061056878138351e-03,-2.316558916061050178e-03,-1.289851122534270552e-03,-2.370646055743698410e-03,-1.049296725538582465e-03,1.982268935594143366e-04
6.571225614467626720e-04,-4.806956806928416696e-03,9.359957590990762534e-04,1.453625629731217098e-03,-5.309151229666617122e-03,1.873491788900648715e-03,-2.417343449954595901e-03,-1.184268884733539074e-03,1.335878852970409235e-04,1.130743961592764208e-03
2.377429928723326889e-03,1.247582194717232040e-03,6.785280467005475828e-04,2.608723441232715912e-04,1.121784646949086335e-03,-3.418021181245691018e-03,-1.445120243390772639e-04,-5.284616691792733351e-04,-3.924270152006665061e-04,2.365458899205403684e-04
-2.473986169013215491e-04,3.799969928297916664e-03,9.600783259881574263e-04,1.556702604615316883e-03,1.351745012116762354e-03,-1.405736049148433031e-03,7.777024872727248978e-04,-3.117156371963756938e-05,-2.250116992333037278e-03,-1.287234816445274399e-03
-2.275755006823170033e-03,1.871629924062716407e-03,-1.183924328989085367e-03,-1.859724142005609424e-05,1.400556478371335070e-04,3.065220794653386940e-03,9.347480945778947805e-04,-3.623538851985988202e-03,1.493351490697683841e-03,-3.439085596004096915e-03
-1.873317217376047495e-03,-4.832454675704213852e-03,-2.495322640206045633e-03,-4.764573939664192432e-05,1.772560858563067764e-04,-2.050886372497216260e-03,4.529654562695866718e-04,6.291013126786804393e-04,2.594828962745902075e-03,1.450880595479958407e-03
6.582882062656855585e-04,1.333454482888207695e-03,-1.612166336606406323e-03,1.221550355691482844e-03,-3.852156228681953391e-03,-2.493337837404028482e-03,-1.216154398081193766e-03,3.069152881953566290e-04,5.468667444803513141e-05,1.492921452376280451e-03
-3.151149920920835908e-03,-1.573870077571804015e-03,1.992528968006651319e-03,-8.392993022065575780e-04,3.138303545288770140e-03,1.197058052983133699e-03,4.145873777294643153e-03,-3.650294155160420211e-03,1.866601697594187127e-04,3.455433733333073461e-03
3.074277905149238807e-03,3.899075031830834519e-03,9.523167926582166596e-04,2.249652469476736121e-03,-2.293801681265337372e-03,-5.786402960163529799e-04,-9.538187700371867327e-04,2.254324094359375606e-03,-1.213990531466276231e-03,-1.534165633931360625e-03
-2.776557531903720965e-03,4.088659240936929826e-03,-3.655496623123611027e-04,-1.599569302649430811e-03,3.388021969998572525e-03,-2.081807074972760394e-03,1.731200518850038576e-05,3.048227647977988682e-03,1.463433551472223884e-03,4.051145969612925460e-03
-4.698900032165886052e-03,-2.892278597134033055e-04,-3.332661586266061522e-03,1.148292312450412307e-03,-1.771433795901827509e-03,-1.003347656274170560e-03,3.641594955758182400e-03,2.803414451390310279e-04,1.017289690708024030e-04,-1.408212388690105758e-03
-1.037811930591198313e-03,-3.279508656864185863e-03,-9.307968454477664935e-04,-5.572086502033235913e-04,1.804506720631457168e-04,2.347997852940372082e-03,-1.165304177014598111e-03,-2.367218327697987595e-03,1.117784133076931558e-03,2.759702426905436077e-03
-5.283138246953753394e-04,-1.303680817832574002e-03,2.137581739946138376e-04,-2.670461866511467455e-04,-1.752066737459492655e-04,1.824034928960124738e-03,1.133613370804645781e-03,2.282041598244238714e-03,-8.984961336193303741e-04,3.737345406381939808e-03
-5.399748874055981460e-05,-4.630435099451242834e-03,-1.266539927686407142e-04,-1.685841511763955854e-03,-2.386831931548461481e-03,1.195736819685053751e-03,-2.426466506540870399e-03,-2.462256143956393153e-03,-1.516636271495710921e-03,-3.440556019860149112e-03
-1.793126888636980979e-03,-5.594299865389276358e-03,-2.197848848190724763e-03,-3.341951593425273128e-04,-4.446850672707463106e-03,-7.044234487878406857e-04,1.045708536846287487e-03,-2.580537324017216638e-03,-1.400273990546794167e-03,-4.162222342943904755e-04
1.019415345216632648e-04,1.404097233389124851e-03,1.157761019945366529e-03,3.102414846526899963e-04,1.025996558028521768e-03,-4.684127571238070470e-03,2.076663214922974243e-05,-3.107478789810372375e-03,-5.018488602881109685e-05,-2.244306629287912309e-03
-1.489771506578068533e-03,-1.421238731038089020e-03,4.617898240928679406e-04,2.217277508794360892e-04,-4.451220620902182623e-03,-4.940609137549879792e-03,-8.195116088361910790e-04,2.507321910177992292e-03,-2.805620390143807440e-04,-1.514969429540551256e-03
6.866673450639313846e-04,8.485185354589985102e-03,4.372404589592967204e-03,1.653969176587136766e-03,2.763568479408284005e-03,5.213362558324314763e-04,2.955388292614287600e-03,-1.442009778308825547e-03,7.961142935494397487e-04,2.691975705421961827e-03
4.519817830750477933e-04,-2.853210049559347199e-03,2.254491167504176722e-03,-9.863124169062849247e-04,-1.866655064683427718e-03,1.924002738748938936e-03,-1.494716740556446995e-03,-3.469257621308563522e-03,-1.535756419137263191e-03,-2.085481168732915367e-03
1.767011790259877041e-03,6.311233947963616753e-03,2.112723680368828495e-03,8.795850897156435536e-04,2.711846516725562473e-03,-3.426114115098294680e-03,2.088294169666693651e-04,-4.718055002945778682e-03,5.645643459129990206e-04,2.302342852848361134e-03
-1.926594879485350222e-03,6.230566320402947111e-03,1.822100576893333993e-03,-7.631038452414084421e-04,1.091726976825102254e-03,1.071057720966299724e-03,-2.203414974263747696e-03,-4.418912049187126261e-03,-1.613647248173704632e-03,1.458938216478458975e-03
-3.965465996222480860e-03,-5.081667801198064814e-05,-2.069809225627401456e-03,5.466580446856704814e-03,2.699080194329884184e-03,1.197110649276491657e-03,3.517448705075078459e-03,-1.609608732989714175e-04,-3.373904666052927274e-04,-4.947494968199905863e-04
-3.463393951706069226e-05,-3.141423309908645579e-03,-2.506027577851558351e-03,3.046876091605000073e-03,-1.996607581376947521e-03,-3.893947998267654337e-03,3.870359661282117580e-04,3.059716797048013179e-03,1.271399480281014058e-03,-1.000092449399615346e-03
3.291748868610775910e-03,5.711914458841678855e-04,1.216588947540925281e-03,9.581160994489625873e-04,1.442528777354239134e-03,-1.287596186130951807e-03,-6.130848660484255336e-04,1.610785960576713381e-04,7.285818713083712199e-04,-1.453597829215976097e-03
-1.616094846865510654e-03,1.882973410239304141e-03,-3.502940028855172985e-03,-9.673512451076430327e-04,4.473769761285194442e-03,1.609248027241141606e-03,-6.344361974906432460e-04,-6.053656071117210352e-03,6.567362383740052087e-04,1.697221453771086954e-03
2.310854532781094622e-03,1.131070117297234287e-03,8.790382571317435865e-04,1.784766511975888897e-03,2.896595833316292345e-03,2.834054713615867267e-03,-3.883299926738408448e-03,2.961134016566553066e-03,-1.001649478219264120e-04,-1.556264657719344828e-03
2.043606519241148670e-03,2.493941055649030042e-03,1.561395881639364902e-04,9.535561548880726801e-04,1.744640201576212746e-03,-4.254288800170599760e-04,-1.003604490950714932e-03,4.175633578499171085e-03,-1.050029339578794404e-03,2.456116942726264941e-04
2.232215070142704646e-03,5.727811570882569703e-03,1.452828458566965625e-03,1.142580731751140178e-03,-3.032873910047690475e-04,-5.095258453238335396e-04,-3.108910040345444752e-03,-6.016427452299361349e-04,-3.960494832254691762e-04,-1.635301443290263466e-03
-2.945045030346848166e-03,-5.283473509679514207e-03,-2.472381475412308537e-04,-1.481996926103797563e-03,-3.000216140345637449e-03,-4.966656611707870404e-04,6.020792560447826456e-04,4.843104198824858255e-04,1.815902588716107428e-03,2.230260714566814541e-03
2.824148361301563061e-04,2.970845586791425949e-03,-8.090286161094343512e-04,1.484389702368358157e-03,7.427697832877921610e-04,-5.654061215924313958e-04,4.168655462278075471e-04,1.111013791194297032e-03,-8.551758687588186924e-04,6.423159622058029553e-04
-2.649411690612106952e-03,1.357015657225892893e-03,-1.026467785109293641e-03,-1.012532892747000255e-03,-5.365909187581730834e-03,-2.248283672308257902e-03,3.792865420618666064e-03,2.758962134607303822e-03,-2.636409620616844956e-03,1.811852903231700018e-03
-2.353102897485211727e-03,-1.294037765240995622e-03,3.996513992328681181e-03,2.046070152072868280e-03,1.624028457840291087e-03,-2.148738860854249727e-03,9.148760971810796037e-04,-3.173389659323228376e-03,1.187033337526079450e-03,4.018817092366553691e-03
-7.245065114805904552e-03,-7.713542991354105892e-03,-1.283882599029353977e-03,-1.301692543803281178e-03,-4.208434445778817985e-03,1.319963931838218736e-03,-2.093957962193370142e-04,1.391223192344511871e-03,-4.679956470197534427e-03,1.133535603239709346e-04
4.567779811205090082e-04,1.834595299869342744e-03,-1.563297777386861214e-03,1.484733480090602218e-04,3.097552915120076883e-03,-8.875704070124960411e-04,-8.786738745561924202e-05,1.869615379848998862e-03,-2.040428987432801270e-03,-2.514163918821916369e-03
5.834515355066641532e-05,-2.796502426753543066e-04,1.444784200004038460e-03,2.006911141424298599e-03,6.686922284486851269e-03,4.944371664362783025e-03,-2.690558669229536817e-03,-2.109873374650144198e-03,2.650697796510989904e-04,-1.859915900239232081e-03
2.104426501579154899e-05,2.756300286201945546e-03,-4.931482231438517059e-04,-1.323172709521054603e-03,1.536263087014115428e-04,4.557573725437213431e-03,-4.013047171529808858e-04,-1.670826870525340437e-04,-8.980033230945493527e-04,-1.062359815365525231e-03
-9.760031840344690060e-04,1.491100199552906945e-03,2.372733000260254842e-04,-1.344580464475699389e-03,-3.496006185513444628e-04,1.764042682279109682e-03,-8.504683029082145190e-04,-1.362309455349282068e-03,8.698005728636879104e-04,9.962747181587936190e-04
-7.159030679517472493e-04,-1.123517048311114533e-03,-7.684980078055971518e-04,2.060645273732722091e-03,1.176345143808702658e-03,1.594611271877946273e-03,-5.875686228703189579e-05,-1.780532954612417144e-03,1.616017460942623671e-03,2.664539421002229663e-04
3.099719993751128607e-03,4.115797167206274032e-03,3.102049214731664260e-03,-7.912892048654164394e-04,3.974389303499315136e-03,-1.469511146439565069e-03,-3.159429260472211565e-03,-2.045747692930583242e-03,1.387866453786797388e-03,-1.536962071046197361e-03
2.929003929568124200e-03,1.679256953237537146e-03,2.615261033366639981e-03,1.382973511685640922e-03,2.925632867084138489e-03,-1.012066975415224770e-03,8.816116442950604724e-04,-2.084527691539974400e-04,-1.237669939378813070e-03,2.081051611686632764e-03
4.001718949590238501e-03,1.639333849485600115e-03,4.779357745987469850e-04,-5.849239730819846697e-04,2.344250603262874096e-03,3.090152869166799387e-03,-9.925793912192583217e-04,-1.452313855602893220e-03,3.617184859404137440e-04,7.896450215603233571e-04
-6.342139694696334856e-04,-8.637399764835477535e-04,1.576425616703847283e-03,-2.471992068626948855e-03,-2.080188249591936704e-03,-1.233264148204860902e-03,5.548920020603189014e-04,1.601348934640970138e-04,-2.221077533588478590e-04,1.546890343356312550e-03
-3.800199797866434144e-04,-3.247508327679682078e-03,-2.144131271133492903e-03,1.638766206937755827e-03,-4.935094935754932854e-03,7.764504931518632393e-04,-1.623164485469972293e-05,2.924110169848434526e-03,1.325838611530317786e-04,-2.229367020846440787e-03
8.411312557506267929e-04,-1.029161540389995130e-03,1.074548142903974989e-04,9.378627092130858555e-04,3.782986868602402361e-04,-1.043182430551001672e-03,1.365478609253030669e-03,-5.385951840581248637e-04,5.547484072900609256e-04,2.473403460246448369e-04
-1.609651407095714481e-03,1.226620070218933847e-03,3.402513716601014227e-04,1.734408372052553100e-04,1.172236759906150486e-03,-2.989182837712570486e-04,-1.941820960796752839e-03,1.713693075313909046e-03,-2.116259718533730020e-03,-3.056938928140452445e-03
-2.966990792622502000e-03,-7.849626456710079650e-03,6.970216592185505492e-04,-9.706482553319709062e-04,-2.403286672307923880e-03,1.322002864459862056e-03,-2.283739300743919259e-03,-1.696781354349334017e-03,-1.464488811394056879e-03,-2.303993455631002385e-03
3.556635532237451859e-03,3.140589044114642115e-03,1.876127872455430603e-03,-2.801026878194714728e-04,3.075877841231911686e-03,9.588635838233964311e-04,6.777182628292738667e-04,1.567247062872687870e-03,1.149843043358897638e-03,5.830195486737875521e-03
2.439019838259740437e-03,-3.377471208847346534e-05,1.054903180511107845e-03,1.969705037053423244e-03,8.415070204988855940e-04,-1.788569508361317287e-03,-1.805004840192985524e-03,3.345434716689184122e-03,-1.166064487599072956e-03,9.384474184054018191e-04
-3.001303072688300561e-03,-5.323250355227258923e-03,1.465316780467687584e-03,-7.982427562721039743e-04,-4.642195704414544925e-03,1.075680056999969497e-03,-3.251365253983820071e-03,-1.307095396571460654e-03,-2.281428326402683369e-03,-8.542214234907282225e-04
1.247056946367128836e-03,2.411087330978819131e-03,5.795700743596456745e-04,-2.142658701194828739e-03,1.394039450658169548e-03,-2.688266077231254731e-03,-1.248053093298802764e-03,4.856499547617811898e-04,1.649959921376472401e-03,1.343877818639404144e-03
-1.214552355856353101e-03,4.126673884688330379e-03,4.537045548427053737e-03,-3.876726877704409630e-03,-7.669821930459808220e-04,1.216066795834611341e-03,-1.975720290969833117e-03,-3.075929696759566526e-03,8.226008396970720116e-04,3.377506114208470977e-03
-2.813076636134064553e-03,-5.884490569236438401e-03,-6.847644243073164197e-04,-1.836864912711205777e-03,-2.518396632878905535e-03,9.693237756899617148e-04,1.606927814184273134e-03,-5.215017701790794274e-04,-1.931050153630651785e-04,1.637614228479586668e-04
-3.478665720209728803e-03,-2.904566780054057291e-03,-1.503277630402281070e-03,6.436617056762624495e-04,-2.832095077778115297e-03,-1.296172568084667581e-03,-2.095714491130242635e-03,2.405031908964195761e-03,-1.444227887068647888e-03,6.662708562201704503e-04
1.335495406263525987e-03,-7.943956885035951057e-04,-8.737073000823447578e-04,-3.706555499703914364e-03,2.334257686972503795e-03,-2.675618665847000850e-04,-1.024114187396974254e-03,2.323837543522696072e-03,1.000423961268058276e-03,1.983552844672832084e-03
